252
252n
25200001
25200002
25200003
25200004
25200005
25200006
25200007
25200008
25200009
25200010
25200011
25200012
25200013
25200014
25200015
25200016
25200017
25200018
25200019
25200020
25200021
25200022
25200023
25200024
25200025
25200026
25200027
25200028
25200029
25200030
25200031
25200032
25200033
25200034
25200035
25200036
25200037
25200038
25200039
25200040
25200041
25200042
25200043
25200044
25200045
25200046
25200047
25200048
25200049
25200050
25200051
25200052
25200053
25200054
25200055
25200056
25200057
25200058
25200059
25200060
25200061
25200062
25200063
25200064
25200065
25200066
25200067
25200068
25200069
25200070
25200071
25200072
25200073
25200074
25200075
25200076
25200077
25200078
25200079
25200080
25200081
25200082
25200083
25200084
25200085
25200086
25200087
25200088
25200089
25200090
25200091
25200092
25200093
25200094
25200095
25200096
25200097
25200098
25200099
25200100
25200101
25200102
25200103
25200104
25200105
25200106
25200107
25200108
25200109
25200110
25200111
25200112
25200113
25200114
25200115
25200116
25200117
25200118
25200119
25200120
25200121
25200122
25200123
25200124
25200125
25200126
25200127
25200128
25200129
25200130
25200131
25200132
25200133
25200134
25200135
25200136
25200137
25200138
25200139
25200140
25200141
25200142
25200143
25200144
25200145
25200146
25200147
25200148
25200149
25200150
25200151
25200152
25200153
25200154
25200155
25200156
25200157
25200158
25200159
25200160
25200161
25200162
25200163
25200164
25200165
25200166
25200167
25200168
25200169
